0.356166290626062
0.356324111806097
0.357914253664354
0.361342884523756
0.364978505141763
0.367950301322058
0.367762706005029
0.365122175695878
0.360447818285939
0.354596151980105
0.347958633927959
0.341648208296175
0.337843377990414
0.336052235896472
0.336010851269146
0.337661607250038
0.347931406474886
0.364586379235597
0.389473466697934
0.415352714095167
0.430886652850681
0.42746392960987
0.409211012015715
0.386463643171852
0.36646963812464
0.350026012325766
0.334693489762581
0.322113036897318
0.313002640488902
0.308648022770493
0.310220872251007
0.316220717472525
0.324377749280255
0.332378991806727
0.338377006303586
0.342087792690615
0.344979396621829
0.348104726749826
0.353961803484306
0.363456574114649
0.377321661522315
0.395745245715011
0.418558228838438
0.447403071750543
0.486344551815146
0.531312501778331
0.575771904481503
0.611136449394851
0.62442837603955
0.61166558999046
0.588059949638949
0.572830560223856
0.578218947378535
0.606941008802519
0.646142522710094
0.692458521141493
0.739275586711366
0.784972273223613
0.829476896641757
0.865404971145785
0.8822394952732
0.879883645808959
0.865621978525418
0.847752664529856
0.833153400476261
0.825809081582461
0.825843615337542
0.831898391231485
0.839258695395657
0.843707129121653
0.839559623193188
0.821818241288709
0.789126488250487
0.740831216451013
0.68182547168689
0.616067152104383
0.54889864227489
0.484928524529677
0.431460261773583
0.401980435095543
0.394866149743505
0.407895021407192
0.429766633606946
0.444692747403964
0.442305839517919
0.422115653504678
0.39471439675488
0.370554569005769
0.355319493281381
0.347863539017447
0.34724758411234
0.347480423235624
0.34767924909382
0.347519322436074
0.346824204726437
0.345870747678488
